Zeit,Kanal A
(us),(V)

-0.40400000,0.00252215
-0.40300000,0.01445620
-0.40200000,0.01445620
-0.40100000,0.00252215
-0.40000000,0.00252215
-0.39900000,0.01445620
-0.39800000,0.01470226
-0.39700000,0.00381398
-0.39600000,-0.00123031
-0.39500000,-0.00024606
-0.39400000,0.00000000
-0.39300000,0.00000000
-0.39200000,0.00000000
-0.39100000,0.00000000
-0.39000000,-0.00024606
-0.38900000,-0.00123031
-0.38800000,0.00381398
-0.38700000,0.01470226
-0.38600000,0.01445620
-0.38500000,0.00252215
-0.38400000,0.00252215
-0.38300000,0.01445620
-0.38200000,0.01470226
-0.38100000,0.00381398
-0.38000000,-0.00123031
-0.37900000,-0.00024606
-0.37800000,-0.00024606
-0.37700000,-0.00123031
-0.37600000,0.00381398
-0.37500000,0.01470226
-0.37400000,0.01445620
-0.37300000,0.00252215
-0.37200000,0.00252215
-0.37100000,0.01445620
-0.37000000,0.01445620
-0.36900000,0.00252215
-0.36800000,0.00252215
-0.36700000,0.01445620
-0.36600000,0.01470226
-0.36500000,0.00381398
-0.36400000,-0.00123031
-0.36300000,-0.00024606
-0.36200000,0.00000000
-0.36100000,0.00000000
-0.36000000,0.00000000
-0.35900000,0.00000000
-0.35800000,-0.00024606
-0.35700000,-0.00123031
-0.35600000,0.00381398
-0.35500000,0.01470226
-0.35400000,0.01445620
-0.35300000,0.00252215
-0.35200000,0.00252215
-0.35100000,0.01445620
-0.35000000,0.01470226
-0.34900000,0.00381398
-0.34800000,-0.00123031
-0.34700000,-0.00024606
-0.34600000,-0.00024606
-0.34500000,-0.00123031
-0.34400000,0.00350640
-0.34300000,0.01347195
-0.34200000,0.01820866
-0.34100000,0.01722441
-0.34000000,0.01722441
-0.33900000,0.01820866
-0.33800000,0.01316437
-0.33700000,0.00227608
-0.33600000,0.00252215
-0.33500000,0.01445620
-0.33400000,0.01470226
-0.33300000,0.00381398
-0.33200000,-0.00123031
-0.33100000,-0.00024606
-0.33000000,0.00000000
-0.32900000,0.00000000
-0.32800000,0.00000000
-0.32700000,0.00000000
-0.32600000,-0.00024606
-0.32500000,-0.00123031
-0.32400000,0.00381398
-0.32300000,0.01470226
-0.32200000,0.01445620
-0.32100000,0.00252215
-0.32000000,0.00252215
-0.31900000,0.01445620
-0.31800000,0.01445620
-0.31700000,0.00252215
-0.31600000,0.00252215
-0.31500000,0.01445620
-0.31400000,0.01445620
-0.31300000,0.00252215
-0.31200000,0.00252215
-0.31100000,0.01445620
-0.31000000,0.01445620
-0.30900000,0.00252215
-0.30800000,0.00252215
-0.30700000,0.01445620
-0.30600000,0.01470226
-0.30500000,0.00381398
-0.30400000,-0.00123031
-0.30300000,-0.00024606
-0.30200000,0.00000000
-0.30100000,0.00000000
-0.30000000,0.00000000
-0.29900000,0.00000000
-0.29800000,-0.00024606
-0.29700000,-0.00123031
-0.29600000,0.00350640
-0.29500000,0.01347195
-0.29400000,0.01820866
-0.29300000,0.01722441
-0.29200000,0.01722441
-0.29100000,0.01820866
-0.29000000,0.01316437
-0.28900000,0.00227608
-0.28800000,0.00252215
-0.28700000,0.01445620
-0.28600000,0.01470226
-0.28500000,0.00381398
-0.28400000,-0.00123031
-0.28300000,-0.00024606
-0.28200000,-0.00024606
-0.28100000,-0.00123031
-0.28000000,0.00350640
-0.27900000,0.01347195
-0.27800000,0.01820866
-0.27700000,0.01722441
-0.27600000,0.01697835
-0.27500000,0.01697835
-0.27400000,0.01697835
-0.27300000,0.01697835
-0.27200000,0.01697835
-0.27100000,0.01697835
-0.27000000,0.01697835
-0.26900000,0.01697835
-0.26800000,0.01722441
-0.26700000,0.01820866
-0.26600000,0.01316437
-0.26500000,0.00227608
-0.26400000,0.00227608
-0.26300000,0.01316437
-0.26200000,0.01820866
-0.26100000,0.01722441
-0.26000000,0.01722441
-0.25900000,0.01820866
-0.25800000,0.01347195
-0.25700000,0.00350640
-0.25600000,-0.00123031
-0.25500000,-0.00024606
-0.25400000,0.00000000
-0.25300000,0.00000000
-0.25200000,0.00000000
-0.25100000,0.00000000
-0.25000000,-0.00024606
-0.24900000,-0.00123031
-0.24800000,0.00350640
-0.24700000,0.01347195
-0.24600000,0.01820866
-0.24500000,0.01722441
-0.24400000,0.01697835
-0.24300000,0.01697835
-0.24200000,0.01697835
-0.24100000,0.01697835
-0.24000000,0.01722441
-0.23900000,0.01820866
-0.23800000,0.01347195
-0.23700000,0.00350640
-0.23600000,-0.00123031
-0.23500000,-0.00024606
-0.23400000,-0.00024606
-0.23300000,-0.00123031
-0.23200000,0.00350640
-0.23100000,0.01347195
-0.23000000,0.01820866
-0.22900000,0.01722441
-0.22800000,0.01722441
-0.22700000,0.01820866
-0.22600000,0.01316437
-0.22500000,0.00227608
-0.22400000,0.00252215
-0.22300000,0.01445620
-0.22200000,0.01470226
-0.22100000,0.00381398
-0.22000000,-0.00123031
-0.21900000,-0.00024606
-0.21800000,0.00000000
-0.21700000,0.00000000
-0.21600000,0.00000000
-0.21500000,0.00000000
-0.21400000,-0.00024606
-0.21300000,-0.00123031
-0.21200000,0.00381398
-0.21100000,0.01470226
-0.21000000,0.01445620
-0.20900000,0.00252215
-0.20800000,0.00252215
-0.20700000,0.01445620
-0.20600000,0.01470226
-0.20500000,0.00381398
-0.20400000,-0.00123031
-0.20300000,-0.00024606
-0.20200000,-0.00024606
-0.20100000,-0.00123031
-0.20000000,0.00381398
-0.19900000,0.01470226
-0.19800000,0.01445620
-0.19700000,0.00252215
-0.19600000,0.00227608
-0.19500000,0.01316437
-0.19400000,0.01845472
-0.19300000,0.01845472
-0.19200001,0.01347195
-0.19100001,0.00350640
-0.19000001,-0.00123031
-0.18900001,-0.00024606
-0.18800001,0.00000000
-0.18700001,0.00000000
-0.18600001,-0.00024606
-0.18500001,-0.00123031
-0.18400001,0.00381398
-0.18300001,0.01470226
-0.18200001,0.01445620
-0.18100001,0.00252215
-0.18000001,0.00252215
-0.17900001,0.01445620
-0.17800001,0.01445620
-0.17700001,0.00252215
-0.17600001,0.00252215
-0.17500001,0.01445620
-0.17400001,0.01470226
-0.17300001,0.00381398
-0.17200001,-0.00123031
-0.17100001,-0.00024606
-0.17000001,0.00000000
-0.16900001,0.00000000
-0.16800001,0.00000000
-0.16700001,0.00000000
-0.16600001,-0.00024606
-0.16500001,-0.00123031
-0.16400001,0.00381398
-0.16300001,0.01470226
-0.16200001,0.01445620
-0.16100001,0.00252215
-0.16000001,0.00252215
-0.15900001,0.01445620
-0.15800001,0.01470226
-0.15700001,0.00381398
-0.15600001,-0.00123031
-0.15500001,-0.00024606
-0.15400001,0.00000000
-0.15300001,0.00000000
-0.15200001,0.00000000
-0.15100001,0.00000000
-0.15000001,-0.00024606
-0.14900001,-0.00123031
-0.14800001,0.00381398
-0.14700001,0.01470226
-0.14600001,0.01445620
-0.14500001,0.00252215
-0.14400001,0.00252215
-0.14300001,0.01445620
-0.14200001,0.01445620
-0.14100001,0.00252215
-0.14000001,0.00252215
-0.13900001,0.01445620
-0.13800001,0.01470226
-0.13700001,0.00381398
-0.13600001,-0.00123031
-0.13500001,-0.00024606
-0.13400001,-0.00024606
-0.13300001,-0.00123031
-0.13200001,0.00381398
-0.13100001,0.01470226
-0.13000001,0.01445620
-0.12900001,0.00252215
-0.12800001,0.00252215
-0.12700001,0.01445620
-0.12600001,0.01470226
-0.12500001,0.00381398
-0.12400001,-0.00123031
-0.12300001,-0.00024606
-0.12200001,-0.00024606
-0.12100001,-0.00123031
-0.12000001,0.00350640
-0.11900001,0.01347195
-0.11800001,0.01820866
-0.11700001,0.01722441
-0.11600001,0.01722441
-0.11500001,0.01820866
-0.11400001,0.01316437
-0.11300001,0.00227608
-0.11200001,0.00252215
-0.11100001,0.01445620
-0.11000001,0.01470226
-0.10900001,0.00381398
-0.10800001,-0.00147638
-0.10700001,-0.00147638
-0.10600001,0.00381398
-0.10500001,0.01470226
-0.10400001,0.01470226
-0.10300001,0.00381398
-0.10200001,-0.00147638
-0.10100001,-0.00147638
-0.10000001,0.00381398
-0.09900001,0.01470226
-0.09800001,0.01445620
-0.09700001,0.00252215
-0.09600001,0.00227608
-0.09500001,0.01316437
-0.09400001,0.01845472
-0.09300001,0.01845472
-0.09200001,0.01316437
-0.09100001,0.00227608
-0.09000001,0.00227608
-0.08900001,0.01316437
-0.08800001,0.01820866
-0.08700001,0.01722441
-0.08600001,0.01697835
-0.08500001,0.01697835
-0.08400001,0.01722441
-0.08300001,0.01820866
-0.08200001,0.01316437
-0.08100001,0.00227608
-0.08000001,0.00227608
-0.07900001,0.01316437
-0.07800001,0.01820866
-0.07700001,0.01722441
-0.07600001,0.01697835
-0.07500001,0.01697835
-0.07400001,0.01697835
-0.07300001,0.01697835
-0.07200001,0.01722441
-0.07100001,0.01820866
-0.07000001,0.01316437
-0.06900001,0.00227608
-0.06800001,0.00252215
-0.06700001,0.01445620
-0.06600001,0.01445620
-0.06500001,0.00252215
-0.06400001,0.00252215
-0.06300001,0.01445620
-0.06200001,0.01470226
-0.06100001,0.00381398
-0.06000001,-0.00147638
-0.05900001,-0.00147638
-0.05800001,0.00350640
-0.05700001,0.01347195
-0.05600001,0.01820866
-0.05500001,0.01722441
-0.05400001,0.01697835
-0.05300001,0.01697835
-0.05200001,0.01697835
-0.05100001,0.01697835
-0.05000001,0.01697835
-0.04900001,0.01697835
-0.04800001,0.01697835
-0.04700001,0.01697835
-0.04600001,0.01697835
-0.04500001,0.01697835
-0.04400001,0.01697835
-0.04300001,0.01697835
-0.04200001,0.01697835
-0.04100001,0.01697835
-0.04000001,0.01697835
-0.03900001,0.01697835
-0.03800001,0.01673228
-0.03700001,0.01574803
-0.03600001,0.02054626
-0.03500001,0.03045030
-0.03400001,0.03524852
-0.03300001,0.03426427
-0.03200001,0.03401821
-0.03100001,0.03401821
-0.03000001,0.03377214
-0.02900001,0.03278789
-0.02800001,0.03758612
-0.02700001,0.04749016
-0.02600001,0.05204232
-0.02500001,0.05007382
-0.02400001,0.05462598
-0.02300001,0.06453002
-0.02200001,0.06908219
-0.02100001,0.06711368
-0.02000001,0.07166585
-0.01900001,0.08156988
-0.01800001,0.08612204
-0.01700001,0.08415354
-0.01600001,0.08845965
-0.01500001,0.09737943
-0.01400001,0.10697588
-0.01300001,0.11589567
-0.01200001,0.11995571
-0.01100001,0.11694144
-0.01000001,0.12604576
-0.00900001,0.14493111
-0.00800001,0.15907973
-0.00700001,0.16603100
-0.00600001,0.17488927
-0.00500001,0.18282481
-0.00400001,0.19192913
-0.00300001,0.19986467
-0.00200001,0.20872293
-0.00100001,0.21567421
-0.00000001,0.22957677
0.00099999,0.24741633
0.00199999,0.26107284
0.00299999,0.26703987
0.00399999,0.28045028
0.00499999,0.29730561
0.00599999,0.31600639
0.00699999,0.33286172
0.00799999,0.34627214
0.00899999,0.35223916
0.00999999,0.36589566
0.01099999,0.38373524
0.01199999,0.39763778
0.01299999,0.40458909
0.01399999,0.41320127
0.01499999,0.42015254
0.01599999,0.43405512
0.01699999,0.45189467
0.01799999,0.46579725
0.01899999,0.47274852
0.01999999,0.48136073
0.02099999,0.48831201
0.02199999,0.50221455
0.02299999,0.52005416
0.02399999,0.53426427
0.02499999,0.54219979
0.02599999,0.54619831
0.02699999,0.54422981
0.02799999,0.54853594
0.02899999,0.55745572
0.02999999,0.56680608
0.03099999,0.57474160
0.03199999,0.58409202
0.03299999,0.59301180
0.03399999,0.59756398
0.03499999,0.59657973
0.03599999,0.59608757
0.03699999,0.59510332
0.03799999,0.59990156
0.03899999,0.60980558
0.03999999,0.61435777
0.04099999,0.61238927
0.04199999,0.61694145
0.04299999,0.62684548
0.04399999,0.63164371
0.04499999,0.63065946
0.04599999,0.63041341
0.04699999,0.63041341
0.04799999,0.63041341
0.04899999,0.63041341
0.04999999,0.63041341
0.05099999,0.63041341
0.05199999,0.63041341
0.05299999,0.63041341
0.05399999,0.63041341
0.05499999,0.63041341
0.05599999,0.63041341
0.05699999,0.63041341
0.05799999,0.63041341
0.05899999,0.63041341
0.05999999,0.63041341
0.06099999,0.63041341
0.06199999,0.63041341
0.06299999,0.63041341
0.06399999,0.63041341
0.06499999,0.63041341
0.06599999,0.63041341
0.06699999,0.63041341
0.06799999,0.63041341
0.06899999,0.63041341
0.06999999,0.63041341
0.07099999,0.63041341
0.07199999,0.63041341
0.07299999,0.63041341
0.07399999,0.63041341
0.07499999,0.63041341
0.07599999,0.63065946
0.07699999,0.63164371
0.07799999,0.62659943
0.07899999,0.61564958
0.07999999,0.61589569
0.08099999,0.62789124
0.08199999,0.62813729
0.08299999,0.61718750
0.08399999,0.61183560
0.08499999,0.61183560
0.08599999,0.61718750
0.08699999,0.62813729
0.08799999,0.62789124
0.08899999,0.61589569
0.08999999,0.61564958
0.09099999,0.62659943
0.09199999,0.63195127
0.09299999,0.63195127
0.09399999,0.62684548
0.09499999,0.61694145
0.09599999,0.61214322
0.09699999,0.61312747
0.09799999,0.61337352
0.09899999,0.61337352
0.09999999,0.61337352
0.10099999,0.61337352
0.10199999,0.61337352
0.10299999,0.61337352
0.10399999,0.61337352
0.10499999,0.61337352
0.10599999,0.61337352
0.10699999,0.61337352
0.10799999,0.61337352
0.10899999,0.61337352
0.10999999,0.61337352
0.11099999,0.61337352
0.11199999,0.61337352
0.11299999,0.61337352
0.11399999,0.61337352
0.11499999,0.61337352
0.11599999,0.61337352
0.11699999,0.61337352
0.11799999,0.61337352
0.11899999,0.61337352
0.11999999,0.61337352
0.12099999,0.61337352
0.12199999,0.61337352
0.12299999,0.61337352
0.12399999,0.61337352
0.12499999,0.61337352
0.12599999,0.61337352
0.12699999,0.61337352
0.12799999,0.61361957
0.12899999,0.61460382
0.12999999,0.60980558
0.13099999,0.59990156
0.13199999,0.59479576
0.13299999,0.59479576
0.13399999,0.59990156
0.13499999,0.60980558
0.13599999,0.61460382
0.13699999,0.61361957
0.13799999,0.61337352
0.13899999,0.61337352
0.13999999,0.61361957
0.14099999,0.61460382
0.14199999,0.60955954
0.14299999,0.59860975
0.14399999,0.59885579
0.14499999,0.61085135
0.14599999,0.61109746
0.14699999,0.60014766
0.14799999,0.59479576
0.14899999,0.59479576
0.14999999,0.60014766
0.15099999,0.61109746
0.15199999,0.61085135
0.15299999,0.59885579
0.15399999,0.59860975
0.15499999,0.60955954
0.15599999,0.61491144
0.15699999,0.61491144
0.15799999,0.60955954
0.15899999,0.59860975
0.15999999,0.59885579
0.16099999,0.61085135
0.16199998,0.61109746
0.16299998,0.60014766
0.16399998,0.59479576
0.16499998,0.59479576
0.16599998,0.59990156
0.16699998,0.60980558
0.16799998,0.61460382
0.16899998,0.61361957
0.16999998,0.61337352
0.17099998,0.61337352
0.17199998,0.61361957
0.17299998,0.61460382
0.17399998,0.60955954
0.17499998,0.59860975
0.17599998,0.59885579
0.17699998,0.61085135
0.17799998,0.61109746
0.17899998,0.60014766
0.17999998,0.59479576
0.18099998,0.59479576
0.18199998,0.60014766
0.18299998,0.61109746
0.18399998,0.61085135
0.18499998,0.59885579
0.18599998,0.59860975
0.18699998,0.60955954
0.18799998,0.61460382
0.18899998,0.61361957
0.18999998,0.61337352
0.19099998,0.61337352
0.19199998,0.61361957
0.19299998,0.61460382
0.19399998,0.60980558
0.19499998,0.59990156
0.19599998,0.59479576
0.19699998,0.59479576
0.19799998,0.59990156
0.19899998,0.60980558
0.19999998,0.61460382
0.20099998,0.61361957
0.20199998,0.61337352
0.20299998,0.61337352
0.20399998,0.61361957
0.20499998,0.61460382
0.20599998,0.60955954
0.20699998,0.59860975
0.20799998,0.59885579
0.20899998,0.61085135
0.20999998,0.61085135
0.21099998,0.59885579
0.21199998,0.59860975
0.21299998,0.60955954
0.21399998,0.61460382
0.21499998,0.61361957
0.21599998,0.61337352
0.21699998,0.61337352
0.21799998,0.61337352
0.21899998,0.61337352
0.21999998,0.61337352
0.22099998,0.61337352
0.22199998,0.61337352
0.22299998,0.61337352
0.22399998,0.61337352
0.22499998,0.61337352
0.22599998,0.61337352
0.22699998,0.61337352
0.22799998,0.61337352
0.22899998,0.61337352
0.22999998,0.61337352
0.23099998,0.61337352
0.23199998,0.61337352
0.23299998,0.61337352
0.23399998,0.61337352
0.23499998,0.61337352
0.23599998,0.61337352
0.23699998,0.61337352
0.23799998,0.61337352
0.23899998,0.61337352
0.23999998,0.61337352
0.24099998,0.61337352
0.24199998,0.61337352
0.24299998,0.61337352
0.24399998,0.61337352
0.24499998,0.61337352
0.24599998,0.61337352
0.24699998,0.61337352
0.24799998,0.61337352
0.24899998,0.61337352
0.24999998,0.61337352
0.25099998,0.61337352
0.25199998,0.61337352
0.25299998,0.61337352
0.25399998,0.61337352
0.25499998,0.61337352
0.25599998,0.61337352
0.25699998,0.61337352
0.25799998,0.61337352
0.25899998,0.61337352
0.25999998,0.61337352
0.26099998,0.61337352
0.26199998,0.61337352
0.26299998,0.61337352
0.26399998,0.61337352
0.26499998,0.61337352
0.26599998,0.61312747
0.26699998,0.61214322
0.26799998,0.61718750
0.26899998,0.62813729
0.26999998,0.62813729
0.27099998,0.61718750
0.27199998,0.61214322
0.27299998,0.61312747
0.27399998,0.61337352
0.27499998,0.61337352
0.27599998,0.61337352
0.27699998,0.61337352
0.27799998,0.61337352
0.27899998,0.61337352
0.27999998,0.61337352
0.28099998,0.61337352
0.28199998,0.61312747
0.28299998,0.61214322
0.28399998,0.61718750
0.28499998,0.62813729
0.28599998,0.62813729
0.28699998,0.61718750
0.28799998,0.61214322
0.28899998,0.61312747
0.28999998,0.61337352
0.29099998,0.61337352
0.29199998,0.61337352
0.29299998,0.61337352
0.29399998,0.61337352
0.29499998,0.61337352
0.29599998,0.61312747
0.29699998,0.61214322
0.29799998,0.61694145
0.29899998,0.62684548
0.29999998,0.63195127
0.30099998,0.63195127
0.30199998,0.62659943
0.30299998,0.61564958
0.30399998,0.61589569
0.30499998,0.62789124
0.30599998,0.62813729
0.30699998,0.61718750
0.30799998,0.61214322
0.30899998,0.61312747
0.30999998,0.61337352
0.31099998,0.61337352
0.31199998,0.61312747
0.31299998,0.61214322
0.31399998,0.61694145
0.31499998,0.62684548
0.31599998,0.63195127
0.31699998,0.63195127
0.31799998,0.62659943
0.31899998,0.61564958
0.31999998,0.61589569
0.32099998,0.62789124
0.32199998,0.62813729
0.32299998,0.61718750
0.32399998,0.61183560
0.32499998,0.61183560
0.32599998,0.61718750
0.32699998,0.62813729
0.32799998,0.62789124
0.32899998,0.61589569
0.32999998,0.61564958
0.33099998,0.62659943
0.33199998,0.63195127
0.33299998,0.63195127
0.33399998,0.62659943
0.33499998,0.61564958
0.33599998,0.61564958
0.33699998,0.62659943
0.33799998,0.63195127
0.33899998,0.63195127
0.33999998,0.62659943
0.34099998,0.61564958
0.34199998,0.61589569
0.34299998,0.62789124
0.34399998,0.62789124
0.34499998,0.61589569
0.34599998,0.61564958
0.34699998,0.62659943
0.34799998,0.63195127
0.34899998,0.63195127
0.34999998,0.62659943
0.35099998,0.61564958
0.35199998,0.61589569
0.35299998,0.62789124
0.35399998,0.62813729
0.35499998,0.61718750
0.35599998,0.61183560
0.35699998,0.61183560
0.35799998,0.61694145
0.35899998,0.62684548
0.35999998,0.63164371
0.36099998,0.63065946
0.36199998,0.63041341
0.36299998,0.63041341
0.36399998,0.63065946
0.36499998,0.63164371
0.36599998,0.62659943
0.36699998,0.61564958
0.36799998,0.61589569
0.36899998,0.62789124
0.36999998,0.62813729
0.37099998,0.61718750
0.37199998,0.61183560
0.37299998,0.61183560
0.37399998,0.61718750
0.37499998,0.62813729
0.37599998,0.62789124
0.37699998,0.61589569
0.37799998,0.61564958
0.37899998,0.62659943
0.37999998,0.63195127
0.38099998,0.63195127
0.38199998,0.62659943
0.38299998,0.61564958
0.38399998,0.61564958
0.38499998,0.62659943
0.38599998,0.63195127
0.38699998,0.63195127
0.38799998,0.62659943
0.38899998,0.61564958
0.38999998,0.61564958
0.39099998,0.62659943
0.39199998,0.63164371
0.39299998,0.63065946
0.39399998,0.63041341
0.39499998,0.63041341
0.39599998,0.63065946
0.39699998,0.63164371
0.39799998,0.62684548
0.39899998,0.61694145
0.39999998,0.61183560
0.40099998,0.61183560
0.40199998,0.61718750
0.40299998,0.62813729
0.40399998,0.62789124
0.40499998,0.61589569
0.40599998,0.61564958
0.40699998,0.62659943
0.40799998,0.63164371
0.40899998,0.63065946
0.40999998,0.63041341
0.41099998,0.63041341
0.41199998,0.63065946
0.41299998,0.63164371
0.41399998,0.62659943
0.41499998,0.61564958
0.41599998,0.61589569
0.41699998,0.62789124
0.41799998,0.62813729
0.41899998,0.61718750
0.41999998,0.61183560
0.42099998,0.61183560
0.42199998,0.61694145
0.42299998,0.62684548
0.42399998,0.63164371
0.42499998,0.63065946
0.42599998,0.63041341
0.42699998,0.63041341
0.42799998,0.63065946
0.42899998,0.63164371
0.42999998,0.62659943
0.43099998,0.61564958
0.43199998,0.61589569
0.43299998,0.62789124
0.43399998,0.62813729
0.43499998,0.61718750
0.43599998,0.61183560
0.43699998,0.61183560
0.43799998,0.61694145
0.43899998,0.62684548
0.43999998,0.63164371
0.44099998,0.63065946
0.44199998,0.63041341
0.44299998,0.63041341
0.44399998,0.63065946
0.44499998,0.63164371
0.44599998,0.62659943
0.44699998,0.61564958
0.44799998,0.61564958
0.44899998,0.62659943
0.44999998,0.63195127
0.45099998,0.63195127
0.45199998,0.62659943
0.45299998,0.61564958
0.45399998,0.61564958
0.45499998,0.62659943
0.45599998,0.63164371
0.45699998,0.63065946
0.45799998,0.63041341
0.45899998,0.63041341
0.45999998,0.63041341
0.46099998,0.63041341
0.46199998,0.63041341
0.46299998,0.63041341
0.46399998,0.63041341
0.46499998,0.63041341
0.46599998,0.63041341
0.46699998,0.63041341
0.46799998,0.63041341
0.46899998,0.63041341
0.46999998,0.63041341
0.47099998,0.63041341
0.47199998,0.63041341
0.47299998,0.63041341
0.47399998,0.63041341
0.47499998,0.63041341
0.47599998,0.63041341
0.47699998,0.63041341
0.47799998,0.63041341
0.47899998,0.63041341
0.47999998,0.63041341
0.48099998,0.63041341
0.48199998,0.63041341
0.48299998,0.63041341
0.48399998,0.63041341
0.48499998,0.63041341
0.48599998,0.63041341
0.48699998,0.63041341
0.48799998,0.63041341
0.48899998,0.63041341
0.48999998,0.63041341
0.49099998,0.63041341
0.49199998,0.63041341
0.49299998,0.63041341
0.49399998,0.63041341
0.49499998,0.63041341
0.49599998,0.63041341
0.49699998,0.63041341
0.49799998,0.63041341
0.49899998,0.63041341
0.49999998,0.63041341
0.50099998,0.63041341
0.50199998,0.63041341
0.50299998,0.63041341
0.50399998,0.63041341
0.50499998,0.63041341
0.50599998,0.63041341
0.50699998,0.63041341
0.50799998,0.63041341
0.50899998,0.63041341
0.50999998,0.63041341
0.51099998,0.63041341
0.51199998,0.63041341
0.51299998,0.63041341
0.51399998,0.63041341
0.51499997,0.63041341
0.51599997,0.63041341
0.51699997,0.63041341
0.51799997,0.63041341
0.51899997,0.63041341
0.51999997,0.63041341
0.52099997,0.63041341
0.52199997,0.63016731
0.52299997,0.62918305
0.52399997,0.63447344
0.52499997,0.64640749
0.52599997,0.64136320
0.52699997,0.61946356
0.52799997,0.61441928
0.52899997,0.62635332
0.52999997,0.63164371
0.53099997,0.63065946
0.53199997,0.63041341
0.53299997,0.63041341
0.53399997,0.63041341
0.53499997,0.63041341
0.53599997,0.63041341
0.53699997,0.63041341
0.53799997,0.63041341
0.53899997,0.63041341
0.53999997,0.63041341
0.54099997,0.63041341
0.54199997,0.63016731
0.54299997,0.62918305
0.54399997,0.63422734
0.54499997,0.64517719
0.54599997,0.64517719
0.54699997,0.63422734
0.54799997,0.62918305
0.54899997,0.63016731
0.54999997,0.63041341
0.55099997,0.63041341
0.55199997,0.63041341
0.55299997,0.63041341
0.55399997,0.63041341
0.55499997,0.63041341
0.55599997,0.63041341
0.55699997,0.63041341
0.55799997,0.63041341
0.55899997,0.63041341
0.55999997,0.63041341
0.56099997,0.63041341
0.56199997,0.63041341
0.56299997,0.63041341
0.56399997,0.63016731
0.56499997,0.62918305
0.56599997,0.63422734
0.56699997,0.64517719
0.56799997,0.64517719
0.56899997,0.63422734
0.56999997,0.62887549
0.57099997,0.62887549
0.57199997,0.63422734
0.57299997,0.64517719
0.57399997,0.64493108
0.57499997,0.63293552
0.57599997,0.63293552
0.57699997,0.64493108
0.57799997,0.64517719
0.57899997,0.63422734
0.57999997,0.62887549
0.58099997,0.62887549
0.58199997,0.63422734
0.58299997,0.64517719
0.58399997,0.64493108
0.58499997,0.63293552
0.58599997,0.63268948
0.58699997,0.64363927
0.58799997,0.64868355
0.58899997,0.64769930
0.58999997,0.64745325
0.59099997,0.64745325
0.59199997,0.64769930
0.59299997,0.64868355
0.59399997,0.64388531
0.59499997,0.63398129
0.59599997,0.62918305
0.59699997,0.63016731
0.59799997,0.63041341
0.59899997,0.63041341
0.59999997,0.63016731
0.60099997,0.62918305
0.60199997,0.63398129
0.60299997,0.64388531
0.60399997,0.64868355
0.60499997,0.64769930
0.60599997,0.64745325
0.60699997,0.64745325
0.60799997,0.64769930
0.60899997,0.64868355
0.60999997,0.64388531
0.61099997,0.63398129
0.61199997,0.62887549
0.61299997,0.62887549
0.61399997,0.63398129
0.61499997,0.64388531
0.61599997,0.64868355
0.61699997,0.64769930
0.61799997,0.64745325
0.61899997,0.64745325
0.61999997,0.64745325
0.62099997,0.64745325
0.62199997,0.64745325
0.62299997,0.64745325
0.62399997,0.64745325
0.62499997,0.64745325
0.62599997,0.64769930
0.62699997,0.64868355
0.62799997,0.64363927
0.62899997,0.63268948
0.62999997,0.63268948
0.63099997,0.64363927
0.63199997,0.64868355
0.63299997,0.64769930
0.63399997,0.64745325
0.63499997,0.64745325
0.63599997,0.64745325
0.63699997,0.64745325
0.63799997,0.64745325
0.63899997,0.64745325
0.63999997,0.64769930
0.64099997,0.64868355
0.64199997,0.64388531
0.64299997,0.63398129
0.64399997,0.62887549
0.64499997,0.62887549
0.64599997,0.63398129
0.64699997,0.64388531
0.64799997,0.64868355
0.64899997,0.64769930
0.64999997,0.64745325
0.65099997,0.64745325
0.65199997,0.64745325
0.65299997,0.64745325
0.65399997,0.64769930
0.65499997,0.64868355
0.65599997,0.64363927
0.65699997,0.63268948
0.65799997,0.63268948
0.65899997,0.64363927
0.65999997,0.64868355
0.66099997,0.64769930
0.66199997,0.64745325
0.66299997,0.64745325
0.66399997,0.64745325
0.66499997,0.64745325
0.66599997,0.64745325
0.66699997,0.64745325
0.66799997,0.64769930
0.66899997,0.64868355
0.66999997,0.64363927
0.67099997,0.63268948
0.67199997,0.63268948
0.67299997,0.64363927
0.67399997,0.64868355
0.67499997,0.64769930
0.67599997,0.64745325
0.67699997,0.64745325
0.67799997,0.64745325
0.67899997,0.64745325
0.67999997,0.64745325
0.68099997,0.64745325
0.68199997,0.64745325
0.68299997,0.64745325
0.68399997,0.64745325
0.68499997,0.64745325
0.68599997,0.64745325
0.68699997,0.64745325
0.68799997,0.64745325
0.68899997,0.64745325
0.68999997,0.64745325
0.69099997,0.64745325
0.69199997,0.64745325
0.69299997,0.64745325
0.69399997,0.64745325
0.69499997,0.64745325
0.69599997,0.64745325
0.69699997,0.64745325
0.69799997,0.64745325
0.69899997,0.64745325
0.69999997,0.64745325
0.70099997,0.64745325
0.70199997,0.64745325
0.70299997,0.64745325
0.70399997,0.64745325
0.70499997,0.64745325
0.70599997,0.64745325
0.70699997,0.64745325
0.70799997,0.64745325
0.70899997,0.64745325
0.70999997,0.64745325
0.71099997,0.64745325
0.71199997,0.64745325
0.71299997,0.64745325
0.71399997,0.64745325
0.71499997,0.64745325
0.71599997,0.64745325
0.71699997,0.64745325
0.71799997,0.64745325
0.71899997,0.64745325
0.71999997,0.64745325
0.72099997,0.64745325
0.72199997,0.64745325
0.72299997,0.64745325
0.72399997,0.64745325
0.72499997,0.64745325
0.72599997,0.64745325
0.72699997,0.64745325
0.72799997,0.64745325
0.72899997,0.64745325
0.72999997,0.64745325
0.73099997,0.64745325
0.73199997,0.64745325
0.73299997,0.64745325
0.73399997,0.64745325
0.73499997,0.64745325
0.73599997,0.64745325
0.73699997,0.64745325
0.73799997,0.64769930
0.73899997,0.64868355
0.73999997,0.64363927
0.74099997,0.63268948
0.74199997,0.63268948
0.74299997,0.64363927
0.74399997,0.64868355
0.74499997,0.64769930
0.74599997,0.64745325
0.74699997,0.64745325
0.74799997,0.64745325
0.74899997,0.64745325
0.74999997,0.64745325
0.75099997,0.64745325
0.75199997,0.64745325
0.75299997,0.64745325
0.75399997,0.64769930
0.75499997,0.64868355
0.75599997,0.64363927
0.75699997,0.63268948
0.75799997,0.63268948
0.75899997,0.64363927
0.75999997,0.64868355
0.76099997,0.64769930
0.76199997,0.64745325
0.76299997,0.64745325
0.76399997,0.64745325
0.76499997,0.64745325
0.76599997,0.64745325
0.76699997,0.64745325
0.76799997,0.64745325
0.76899997,0.64745325
0.76999997,0.64745325
0.77099997,0.64745325
0.77199997,0.64745325
0.77299997,0.64745325
0.77399997,0.64769930
0.77499997,0.64868355
0.77599997,0.64363927
0.77699997,0.63268948
0.77799997,0.63244343
0.77899997,0.64240897
0.77999997,0.65249753
0.78099997,0.66246307
0.78199997,0.66221702
0.78299997,0.65126723
0.78399997,0.64622295
0.78499997,0.64720720
0.78599997,0.64745325
0.78699997,0.64745325
0.78799997,0.64745325
0.78899997,0.64745325
0.78999997,0.64745325
0.79099997,0.64745325
0.79199997,0.64720720
0.79299997,0.64622295
0.79399997,0.65102118
0.79499997,0.66092521
0.79599997,0.66572344
0.79699997,0.66473919
0.79799997,0.66449308
0.79899997,0.66449308
0.79999997,0.66449308
0.80099997,0.66449308
0.80199997,0.66473919
0.80299997,0.66572344
0.80399997,0.66067910
0.80499997,0.64972931
0.80599997,0.64972931
0.80699997,0.66067910
0.80799997,0.66547734
0.80899997,0.66350883
0.80999997,0.66806102
0.81099997,0.67796504
0.81199997,0.68276328
0.81299997,0.68177903
0.81399997,0.68128693
0.81499997,0.68030268
0.81599997,0.68534696
0.81699997,0.69629675
0.81799997,0.69605070
0.81899997,0.68405509
0.81999997,0.68356299
0.82099997,0.69352853
0.82199997,0.70337105
0.82299997,0.71229082
0.82399997,0.71659696
0.82499997,0.71462846
0.82599997,0.71911907
0.82699997,0.72908467
0.82799997,0.73382133
0.82899997,0.73283708
0.82999997,0.73234499
0.83099997,0.73136073
0.83199997,0.73591292
0.83299997,0.74483269
0.83399997,0.75442910
0.83499997,0.76334894
0.83599997,0.76740897
0.83699997,0.76439470
0.83799997,0.77374506
0.83899997,0.79367620
0.83999997,0.80302656
0.84099997,0.80001229
0.84199997,0.80407232
0.84299997,0.81299210
0.84399997,0.82258856
0.84499997,0.83150834
0.84599997,0.83581448
0.84699997,0.83384597
0.84799997,0.83815205
0.84899997,0.84707183
0.84999997,0.85666829
0.85099997,0.86558807
0.85199997,0.86964810
0.85299997,0.86663383
0.85399997,0.87598425
0.85499997,0.89591533
0.85599997,0.90526575
0.85699997,0.90225148
0.85799997,0.90655756
0.85899997,0.91646159
0.85999997,0.92101377
0.86099997,0.91904527
0.86199997,0.92335135
0.86299997,0.93227118
0.86399997,0.94186759
0.86499997,0.95078743
0.86599997,0.95533955
0.86699997,0.95435530
0.86799997,0.95386320
0.86899996,0.95287895
0.86999996,0.95767719
0.87099996,0.96758121
0.87199996,0.97237945
0.87299996,0.97139519
0.87399996,0.97065699
0.87499996,0.96862698
0.87599996,0.97846949
0.87699996,0.99938482
0.87799996,1.00393701
0.87899996,0.99101871
0.87999996,0.99071109
0.88099996,1.00270665
0.88199996,1.00270665
0.88299996,0.99071109
0.88399996,0.99021900
0.88499996,1.00018454
0.88599996,1.01027310
0.88699996,1.02023864
0.88799996,1.01974654
0.88899996,1.00775099
0.88999996,1.00750494
0.89099996,1.01845467
0.89199996,1.02380657
0.89299996,1.02380657
0.89399996,1.01845467
0.89499996,1.00750494
0.89599996,1.00750494
0.89699996,1.01845467
0.89799996,1.02349901
0.89899996,1.02251470
0.89999996,1.02226865
0.90099996,1.02226865
0.90199996,1.02251470
0.90299996,1.02349901
0.90399996,1.01845467
0.90499996,1.00750494
0.90599996,1.00725889
0.90699996,1.01722443
0.90799996,1.02731299
0.90899996,1.03727853
0.90999996,1.03678644
0.91099996,1.02479088
0.91199996,1.02479088
0.91299996,1.03678644
0.91399996,1.03703249
0.91499996,1.02608263
0.91599996,1.02103841
0.91699996,1.02202260
0.91799996,1.02226865
0.91899996,1.02226865
0.91999996,1.02202260
0.92099996,1.02103841
0.92199996,1.02583659
0.92299996,1.03574061
0.92399996,1.04084647
0.92499996,1.04084647
0.92599996,1.03549457
0.92699996,1.02454484
0.92799996,1.02479088
0.92899996,1.03678644
0.92999996,1.03703249
0.93099996,1.02608263
0.93199996,1.02073085
0.93299996,1.02073085
0.93399996,1.02608263
0.93499996,1.03703249
0.93599996,1.03678644
0.93699996,1.02479088
0.93799996,1.02454484
0.93899996,1.03549457
0.93999996,1.04084647
0.94099996,1.04084647
0.94199996,1.03549457
0.94299996,1.02454484
0.94399996,1.02479088
0.94499996,1.03678644
0.94599996,1.03703249
0.94699996,1.02608263
0.94799996,1.02073085
0.94899996,1.02073085
0.94999996,1.02583659
0.95099996,1.03574061
0.95199996,1.04053891
0.95299996,1.03955460
0.95399996,1.03930855
0.95499996,1.03930855
0.95599996,1.03930855
0.95699996,1.03930855
0.95799996,1.03955460
0.95899996,1.04053891
0.95999996,1.03574061
0.96099996,1.02583659
0.96199996,1.02103841
0.96299996,1.02202260
0.96399996,1.02202260
0.96499996,1.02103841
0.96599996,1.02583659
0.96699996,1.03574061
0.96799996,1.04053891
0.96899996,1.03955460
0.96999996,1.03930855
0.97099996,1.03930855
0.97199996,1.03955460
0.97299996,1.04053891
0.97399996,1.03549457
0.97499996,1.02454484
0.97599996,1.02454484
0.97699996,1.03549457
0.97799996,1.04053891
0.97899996,1.03955460
0.97999996,1.03930855
0.98099996,1.03930855
0.98199996,1.03930855
0.98299996,1.03930855
0.98399996,1.03930855
0.98499996,1.03930855
0.98599996,1.03930855
0.98699996,1.03930855
0.98799996,1.03930855
0.98899996,1.03930855
0.98999996,1.03930855
0.99099996,1.03930855
0.99199996,1.03930855
0.99299996,1.03930855
0.99399996,1.03955460
0.99499996,1.04053891
0.99599996,1.03549457
0.99699996,1.02454484
0.99799996,1.02454484
0.99899996,1.03549457
0.99999996,1.04084647
1.00099996,1.04084647
1.00199996,1.03524852
1.00299996,1.02331448
1.00399996,1.02835870
1.00499996,1.05025840
1.00599996,1.05530262
1.00699996,1.04336858
1.00799996,1.03807819
1.00899996,1.03906250
1.00999996,1.03930855
1.01099996,1.03930855
1.01199996,1.03930855
1.01299996,1.03930855
1.01399996,1.03955460
1.01499996,1.04053891
1.01599996,1.03549457
1.01699996,1.02454484
1.01799996,1.02454484
1.01899996,1.03549457
1.01999996,1.04053891
1.02099996,1.03955460
1.02199996,1.03930855
1.02299996,1.03930855
1.02399996,1.03955460
1.02499996,1.04053891
1.02599996,1.03549457
1.02699996,1.02454484
1.02799996,1.02454484
1.02899996,1.03549457
1.02999996,1.04053891
1.03099996,1.03955460
1.03199996,1.03930855
1.03299996,1.03930855
1.03399996,1.03906250
1.03499996,1.03807819
1.03599996,1.04336858
1.03699996,1.05530262
1.03799996,1.05025840
1.03899996,1.02835870
1.03999996,1.02331448
1.04099996,1.03524852
1.04199996,1.04053891
1.04299996,1.03955460
1.04399996,1.03906250
1.04499996,1.03807819
1.04599996,1.04312253
1.04699996,1.05407238
1.04799996,1.05407238
1.04899996,1.04312253
1.04999996,1.03777063
1.05099996,1.03777063
1.05199996,1.04312253
1.05299996,1.05407238
1.05399996,1.05407238
1.05499996,1.04312253
1.05599996,1.03807819
1.05699996,1.03906250
1.05799996,1.03930855
1.05899996,1.03930855
1.05999996,1.03906250
1.06099996,1.03807819
1.06199996,1.04312253
1.06299996,1.05407238
1.06399996,1.05407238
1.06499996,1.04312253
1.06599996,1.03777063
1.06699996,1.03777063
1.06799996,1.04312253
1.06899996,1.05407238
1.06999996,1.05382633
1.07099996,1.04183066
1.07199996,1.04183066
1.07299996,1.05382633
1.07399996,1.05431843
1.07499996,1.04435289
1.07599996,1.03401816
1.07699996,1.02306843
1.07799996,1.02835870
1.07899996,1.05025840
1.07999996,1.05505657
1.08099996,1.04213834
1.08199996,1.04158461
1.08299996,1.05253446
1.08399996,1.05788636
1.08499996,1.05788636
1.08599996,1.05253446
1.08699996,1.04158461
1.08799996,1.04183066
1.08899996,1.05382633
1.08999996,1.05407238
1.09099996,1.04312253
1.09199996,1.03777063
1.09299996,1.03777063
1.09399996,1.04287648
1.09499996,1.05278051
1.09599996,1.05757868
1.09699996,1.05659449
1.09799996,1.05634844
1.09899996,1.05634844
1.09999996,1.05684054
1.10099996,1.05887055
1.10199996,1.04872048
1.10299996,1.02682090
1.10399996,1.02712846
1.10499996,1.05001235
1.10599996,1.05530262
1.10699996,1.04336858
1.10799996,1.03777063
1.10899996,1.03777063
1.10999996,1.04287648
1.11099996,1.05278051
1.11199996,1.05788636
1.11299996,1.05788636
1.11399996,1.05253446
1.11499996,1.04158461
1.11599996,1.04183066
1.11699996,1.05382633
1.11799996,1.05382633
1.11899996,1.04183066
1.11999996,1.04183066
1.12099996,1.05382633
1.12199996,1.05407238
1.12299996,1.04312253
1.12399996,1.03777063
1.12499996,1.03777063
1.12599996,1.04312253
1.12699996,1.05407238
1.12799996,1.05382633
1.12899996,1.04183066
1.12999996,1.04158461
1.13099996,1.05253446
1.13199996,1.05788636
1.13299996,1.05788636
1.13399996,1.05253446
1.13499996,1.04158461
1.13599996,1.04183066
1.13699996,1.05382633
1.13799996,1.05407238
1.13899996,1.04312253
1.13999996,1.03777063
1.14099996,1.03777063
1.14199996,1.04312253
1.14299996,1.05407238
1.14399996,1.05382633
1.14499996,1.04183066
1.14599996,1.04158461
1.14699996,1.05253446
1.14799996,1.05788636
1.14899996,1.05788636
1.14999996,1.05253446
1.15099996,1.04158461
1.15199996,1.04183066
1.15299996,1.05382633
1.15399996,1.05407238
1.15499996,1.04312253
1.15599996,1.03777063
1.15699996,1.03777063
1.15799996,1.04287648
1.15899996,1.05278051
1.15999996,1.05757868
1.16099996,1.05659449
1.16199996,1.05634844
1.16299996,1.05634844
1.16399996,1.05659449
1.16499996,1.05757868
1.16599996,1.05253446
1.16699996,1.04158461
1.16799996,1.04183066
1.16899996,1.05382633
1.16999996,1.05407238
1.17099996,1.04312253
1.17199996,1.03777063
1.17299996,1.03777063
1.17399996,1.04287648
1.17499996,1.05278051
1.17599996,1.05788636
1.17699996,1.05788636
1.17799996,1.05253446
1.17899996,1.04158461
1.17999996,1.04183066
1.18099996,1.05382633
1.18199996,1.05382633
1.18299996,1.04183066
1.18399996,1.04158461
1.18499996,1.05253446
1.18599996,1.05788636
1.18699996,1.05788636
1.18799996,1.05253446
1.18899996,1.04158461
1.18999996,1.04183066
1.19099996,1.05382633
1.19199996,1.05382633
1.19299996,1.04183066
1.19399996,1.04158461
1.19499996,1.05253446
1.19599996,1.05788636
1.19699996,1.05788636
1.19799996,1.05253446
1.19899996,1.04158461
1.19999996,1.04183066
1.20099996,1.05382633
1.20199996,1.05407238
1.20299996,1.04312253
1.20399996,1.03777063
1.20499996,1.03777063
1.20599996,1.04287648
1.20699996,1.05278051
1.20799996,1.05757868
1.20899996,1.05659449
1.20999996,1.05634844
1.21099996,1.05634844
1.21199996,1.05634844
1.21299996,1.05634844
1.21399996,1.05634844
1.21499996,1.05634844
1.21599996,1.05659449
1.21699996,1.05757868
1.21799996,1.05278051
1.21899996,1.04287648
1.21999996,1.03777063
1.22099996,1.03777063
1.22199996,1.04287648
1.22299995,1.05278051
1.22399995,1.05757868
1.22499995,1.05659449
1.22599995,1.05634844
1.22699995,1.05634844
1.22799995,1.05659449
1.22899995,1.05757868
1.22999995,1.05253446
1.23099995,1.04158461
1.23199995,1.04183066
1.23299995,1.05382633
1.23399995,1.05407238
1.23499995,1.04312253
1.23599995,1.03777063
1.23699995,1.03777063
1.23799995,1.04287648
1.23899995,1.05278051
1.23999995,1.05788636
1.24099995,1.05788636
1.24199995,1.05253446
1.24299995,1.04158461
1.24399995,1.04183066
1.24499995,1.05382633
1.24599995,1.05382633
1.24699995,1.04183066
1.24799995,1.04158461
1.24899995,1.05253446
1.24999995,1.05788636
1.25099995,1.05788636
1.25199995,1.05253446
1.25299995,1.04158461
1.25399995,1.04183066
1.25499995,1.05382633
1.25599995,1.05382633
1.25699995,1.04183066
1.25799995,1.04158461
1.25899995,1.05253446
1.25999995,1.05757868
1.26099995,1.05659449
1.26199995,1.05634844
1.26299995,1.05634844
1.26399995,1.05634844
1.26499995,1.05634844
1.26599995,1.05659449
1.26699995,1.05757868
1.26799995,1.05253446
1.26899995,1.04158461
1.26999995,1.04158461
1.27099995,1.05253446
1.27199995,1.05757868
1.27299995,1.05659449
1.27399995,1.05659449
1.27499995,1.05757868
1.27599995,1.05278051
1.27699995,1.04287648
1.27799995,1.03777063
1.27899995,1.03777063
1.27999995,1.04287648
1.28099995,1.05278051
1.28199995,1.05788636
1.28299995,1.05788636
1.28399995,1.05253446
1.28499995,1.04158461
1.28599995,1.04183066
1.28699995,1.05382633
1.28799995,1.05382633
1.28899995,1.04183066
1.28999995,1.04158461
1.29099995,1.05253446
1.29199995,1.05788636
1.29299995,1.05788636
1.29399995,1.05253446
1.29499995,1.04158461
1.29599995,1.04158461
1.29699995,1.05253446
1.29799995,1.05788636
1.29899995,1.05788636
1.29999995,1.05253446
1.30099995,1.04158461
1.30199995,1.04158461
1.30299995,1.05253446
1.30399995,1.05757868
1.30499995,1.05659449
1.30599995,1.05634844
1.30699995,1.05634844
1.30799995,1.05659449
1.30899995,1.05757868
1.30999995,1.05253446
1.31099995,1.04158461
1.31199995,1.04183066
1.31299995,1.05382633
1.31399995,1.05407238
1.31499995,1.04312253
1.31599995,1.03777063
1.31699995,1.03777063
1.31799995,1.04287648
1.31899995,1.05278051
1.31999995,1.05757868
1.32099995,1.05659449
1.32199995,1.05634844
1.32299995,1.05634844
1.32399995,1.05659449
1.32499995,1.05757868
1.32599995,1.05253446
1.32699995,1.04158461
1.32799995,1.04158461
1.32899995,1.05253446
1.32999995,1.05788636
1.33099995,1.05788636
1.33199995,1.05253446
1.33299995,1.04158461
1.33399995,1.04158461
1.33499995,1.05253446
1.33599995,1.05757868
1.33699995,1.05659449
1.33799995,1.05634844
1.33899995,1.05634844
1.33999995,1.05634844
1.34099995,1.05634844
1.34199995,1.05634844
1.34299995,1.05634844
1.34399995,1.05634844
1.34499995,1.05634844
1.34599995,1.05634844
1.34699995,1.05634844
1.34799995,1.05634844
1.34899995,1.05634844
1.34999995,1.05659449
1.35099995,1.05757868
1.35199995,1.05253446
1.35299995,1.04158461
1.35399995,1.04133856
1.35499995,1.05130410
1.35599995,1.06139266
1.35699995,1.07135832
1.35799995,1.07111216
1.35899995,1.06016243
1.35999995,1.05511808
1.36099995,1.05610240
1.36199995,1.05659449
1.36299995,1.05757868
1.36399995,1.05253446
1.36499995,1.04158461
1.36599995,1.04158461
1.36699995,1.05253446
1.36799995,1.05757868
1.36899995,1.05659449
1.36999995,1.05610240
1.37099995,1.05511808
1.37199995,1.06016243
1.37299995,1.07111216
1.37399995,1.07111216
1.37499995,1.06016243
1.37599995,1.05536413
1.37699995,1.05733263
1.37799995,1.05253446
1.37899995,1.04158461
1.37999995,1.04158461
1.38099995,1.05253446
1.38199995,1.05757868
1.38299995,1.05659449
1.38399995,1.05634844
1.38499995,1.05634844
1.38599995,1.05610240
1.38699995,1.05511808
1.38799995,1.06040847
1.38899995,1.07234251
1.38999995,1.06729817
1.39099995,1.04539859
1.39199995,1.04035437
1.39299995,1.05228841
1.39399995,1.05757868
1.39499995,1.05659449
1.39599995,1.05610240
1.39699995,1.05511808
1.39799995,1.06016243
1.39899995,1.07111216
1.39999995,1.07111216
1.40099995,1.06016243
1.40199995,1.05511808
1.40299995,1.05610240
1.40399995,1.05634844
1.40499995,1.05634844
1.40599995,1.05634844
1.40699995,1.05634844
1.40799995,1.05634844
1.40899995,1.05634844
1.40999995,1.05634844
1.41099995,1.05634844
1.41199995,1.05634844
1.41299995,1.05634844
1.41399995,1.05659449
1.41499995,1.05757868
1.41599995,1.05253446
1.41699995,1.04158461
1.41799995,1.04133856
1.41899995,1.05130410
1.41999995,1.06139266
1.42099995,1.07135832
1.42199995,1.07111216
1.42299995,1.06016243
1.42399995,1.05511808
1.42499995,1.05610240
1.42599995,1.05659449
1.42699995,1.05757868
1.42799995,1.05228841
1.42899995,1.04035437
1.42999995,1.04539859
1.43099995,1.06729817
1.43199995,1.07234251
1.43299995,1.06040847
1.43399995,1.05481052
1.43499995,1.05481052
1.43599995,1.06016243
1.43699995,1.07111216
1.43799995,1.07111216
1.43899995,1.06016243
1.43999995,1.05511808
1.44099995,1.05610240
1.44199995,1.05634844
1.44299995,1.05634844
1.44399995,1.05610240
1.44499995,1.05511808
1.44599995,1.06016243
1.44699995,1.07111216
1.44799995,1.07111216
1.44899995,1.06016243
1.44999995,1.05481052
1.45099995,1.05481052
1.45199995,1.06040847
1.45299995,1.07234251
1.45399995,1.06729817
1.45499995,1.04539859
1.45599995,1.04035437
1.45699995,1.05228841
1.45799995,1.05757868
1.45899995,1.05659449
1.45999995,1.05610240
1.46099995,1.05511808
1.46199995,1.06016243
1.46299995,1.07111216
1.46399995,1.07111216
1.46499995,1.06016243
1.46599995,1.05511808
1.46699995,1.05610240
1.46799995,1.05634844
1.46899995,1.05634844
1.46999995,1.05610240
1.47099995,1.05511808
1.47199995,1.06016243
1.47299995,1.07111216
1.47399995,1.07111216
1.47499995,1.06016243
1.47599995,1.05481052
1.47699995,1.05481052
1.47799995,1.06016243
1.47899995,1.07111216
1.47999995,1.07111216
1.48099995,1.06016243
1.48199995,1.05481052
1.48299995,1.05481052
1.48399995,1.06016243
1.48499995,1.07111216
1.48599995,1.07111216
1.48699995,1.06016243
1.48799995,1.05511808
1.48899995,1.05610240
1.48999995,1.05659449
1.49099995,1.05757868
1.49199995,1.05228841
1.49299995,1.04035437
1.49399995,1.04539859
1.49499995,1.06729817
1.49599995,1.07234251
1.49699995,1.06040847
1.49799995,1.05481052
1.49899995,1.05481052
1.49999995,1.06016243
1.50099995,1.07111216
1.50199995,1.07111216
1.50299995,1.06016243
1.50399995,1.05536413
1.50499995,1.05733263
1.50599995,1.05253446
1.50699995,1.04158461
1.50799995,1.04133856
1.50899995,1.05130410
1.50999995,1.06139266
1.51099995,1.07135832
1.51199995,1.07111216
1.51299995,1.06016243
1.51399995,1.05481052
1.51499995,1.05481052
1.51599995,1.06040847
1.51699995,1.07234251
1.51799995,1.06705213
1.51899995,1.04416835
1.51999995,1.04416835
1.52099995,1.06705213
1.52199995,1.07234251
1.52299995,1.06040847
1.52399995,1.05481052
1.52499995,1.05481052
1.52599995,1.06016243
1.52699995,1.07111216
1.52799995,1.07111216
1.52899995,1.06016243
1.52999995,1.05481052
1.53099995,1.05481052
1.53199995,1.06016243
1.53299995,1.07111216
1.53399995,1.07111216
1.53499995,1.06016243
1.53599995,1.05511808
1.53699995,1.05610240
1.53799995,1.05634844
1.53899995,1.05634844
1.53999995,1.05610240
1.54099995,1.05511808
1.54199995,1.06016243
1.54299995,1.07111216
1.54399995,1.07086611
1.54499995,1.05887055
1.54599995,1.05862451
1.54699995,1.06957436
1.54799995,1.07492614
1.54899995,1.07492614
1.54999995,1.06957436
1.55099995,1.05862451
1.55199995,1.05887055
1.55299995,1.07086611
1.55399995,1.07111216
1.55499995,1.06016243
1.55599995,1.05481052
1.55699995,1.05481052
1.55799995,1.06016243
1.55899995,1.07111216
1.55999995,1.07086611
1.56099995,1.05887055
1.56199995,1.05862451
1.56299995,1.06957436
1.56399995,1.07492614
1.56499995,1.07492614
1.56599995,1.06957436
1.56699995,1.05862451
1.56799995,1.05887055
1.56899995,1.07086611
1.56999995,1.07111216
1.57099995,1.06016243
1.57199995,1.05481052
1.57299995,1.05481052
1.57399995,1.06016243
1.57499995,1.07111216
1.57599994,1.07086611
1.57699994,1.05887055
1.57799994,1.05862451
1.57899994,1.06957436
1.57999994,1.07492614
1.58099994,1.07492614
1.58199994,1.06957436
1.58299994,1.05862451
1.58399994,1.05887055
1.58499994,1.07086611
1.58599994,1.07111216
1.58699994,1.06016243
1.58799994,1.05481052
1.58899994,1.05481052
1.58999994,1.05991638
1.59099994,1.06982040
1.59199994,1.07461858
1.59299994,1.07363439
1.59399994,1.07338834
1.59499994,1.07338834
1.59599994,1.07363439
1.59699994,1.07461858
1.59799994,1.06957436
1.59899994,1.05862451
1.59999994,1.05887055
1.60099994,1.07086611
1.60199994,1.07111216
1.60299994,1.06016243
